0 0.166610 0.785463 0.246711 0.246711 100.000000
0 0.416824 0.601305 0.246711 0.246711 100.000000
0 0.588971 0.857524 0.246711 0.246711 100.000000
0 0.795146 0.747430 0.246711 0.246711 100.000000
0 0.051903 0.735420 0.103807 0.246711 100.000000
0 0.745104 0.515232 0.246711 0.246711 100.000000
0 0.592974 0.240998 0.246711 0.246711 100.000000
0 0.592974 0.058071 0.246711 0.116142 100.000000
0 0.340759 0.004025 0.246711 0.008050 100.000000
0 0.218655 0.108114 0.246711 0.216227 100.000000
0 0.889119 0.032049 0.218472 0.064097 100.000000
0 0.931496 0.459449 0.133718 0.246711 100.000000
