0 0.862006 0.137076 0.246711 0.246711 100.000000
0 0.859805 0.832635 0.246711 0.246711 100.000000
0 0.491446 0.978078 0.246711 0.040554 100.000000
0 0.367340 0.298489 0.246711 0.246711 100.000000
0 0.129137 0.130345 0.246711 0.246711 100.000000
0 0.076203 0.102830 0.152407 0.205660 100.000000
0 0.557502 0.007749 0.246711 0.015497 100.000000
0 0.096953 0.845852 0.193905 0.246711 100.000000
0 0.611182 0.711863 0.246711 0.246711 100.000000
0 0.154683 0.722769 0.246711 0.246711 100.000000
0 0.282441 0.609034 0.246711 0.246711 100.000000
0 0.094061 0.136930 0.188123 0.246711 100.000000
