0 0.0701219512195122 0.8725609756097561 0.12317073170731709 0.13048780487804876
0 0.1445121951219512 0.7408536585365855 0.13536585365853657 0.13048780487804876
0 0.2707317073170732 0.6231707317073171 0.1439024390243903 0.15609756097560976
0 0.6091463414634145 0.7103658536585366 0.16219512195121943 0.16951219512195123
0 0.853658536585366 0.8085365853658536 0.17560975609756085 0.14878048780487815
0 0.8402439024390244 0.1426829268292683 0.19756097560975605 0.17804878048780487
0 0.35426829268292687 0.31585365853658537 0.2085365853658537 0.18292682926829262
0 0.1329268292682927 0.14756097560975612 0.17317073170731712 0.14390243902439026
0 0.03597560975609756 0.07256097560975609 0.07195121951219512 0.13048780487804879
0 0.04451219512195123 0.1908536585365853 0.08902439024390246 0.1134146341463414
